0 469 29 1200 31333092673
1 157 37 155 13580125
2 168 107 208 14060128
3 190 75 250 1778395
4 208 78 242 16679138
5 290 98 278 18390104
6 346 100 359 203101127
7 356 151 367 184130116
8 406 180 405 208131116
9 403 308 440 215148108
10 391 392 501 256152117
11 339 383 496 271185144
12 266 351 400 248164118
13 218 300 368 247224145
14 210 230 375 290192122
15 188 231 373 300186105
16 177 223 356 271173140
17 171 224 334 333196127
18 150 211 354 310158141
19 119 190 354 335213155
20 132 197 410 345174160
21 126 158 397 375197158
22 124 165 444 392167163
23 128 168 446 393210160
24 132 157 488 419200202
25 127 178 528 440205203
26 133 144 571 451204252
27 125 136 587 452204253
28 130 137 592 456199244
29 129 171 659 504207262
30 133 149 712 534213260
31 126 166 777 558202289
32 115 127 797 575208288
33 167 163 856 571233288
34 166 138 902 589246297
35 149 168 935 618215333
36 166 173 1029 637220331
37 198 194 992 642244385
38 195 201 1095 686220363
39 229 217 1070 734231393
40 207 192 1150 710266446
41 240 232 1158 773263405
42 255 237 1182 751293421
43 262 253 1198 817291445
44 298 273 1248 820304465
45 306 293 1312 862331454
46 310 323 1217 854335451
47 356 377 1290 902318564
48 408 363 1406 945405551
49 377 425 1297 950432543
50 402 436 1262 963445553
51 466 453 1243 998476543
52 465 530 1315 1002480603
53 515 534 1382 1011540568
54 533 603 1220 1020516589
55 571 622 1264 976595567
56 626 675 1214 1035623623
57 669 693 1221 1025602598
58 745 728 1118 1048688602
59 731 764 1171 1067696567
60 860 793 1083 1074686590
61 966 781 1055 1119731587
62 1040 894 1021 1061788542
63 1082 961 913 1050860530
64 1069 895 957 1144841549
65 1132 1026 879 1022841576
66 1174 1018 804 941887557
67 1399 1078 761 916927603
68 1365 1085 705 931926554
69 1417 1194 634 8791004598
70 1425 1197 604 9271002572
71 1474 1167 543 1058986611
72 1439 1206 487 10291018562
73 1536 1262 463 11161034583
74 1620 1279 405 10601064604
75 1723 1333 389 10771104712
76 1843 1340 326 10771051706
77 1942 1343 306 10781122706
78 2015 1372 289 11401086669
79 2129 1381 244 11211088621
80 2173 1454 243 11601174682
81 2278 1425 207 11671145674
82 2333 1362 206 12341134622
83 2402 1432 195 11311220672
84 2402 1369 158 10541124627
85 2636 1322 143 11371228726
86 2621 1307 122 12381217792
87 2289 1262 142 13811132747
88 2389 1130 139 13981111738
89 2763 1061 140 13951053844
90 2833 1000 98 144311191042
91 2713 988 104 159111741118
92 2777 891 109 151311511238
93 2858 836 97 141612241112
94 2754 749 113 141012321068
95 2694 634 93 136011491115
96 2637 651 88 137111011139
97 2455 602 106 143410671000
98 2465 595 96 134410701065
99 2904 650 106 122310571076
100 3001 648 84 133510731230
101 2612 641 78 120110271373
102 2259 643 58 143710111395
103 2033 728 68 126610961429
104 1937 690 70 125010541569
105 1749 624 61 118310731577
106 1765 706 86 122211611757
107 1765 736 70 131310851683
108 1714 771 66 153211871593
109 1806 779 57 181511911390
110 1790 839 45 165212471329
111 1534 843 77 141312531342
112 1310 960 74 128614331205
113 1296 932 70 144313531189
114 1275 1021 59 140411241247
115 1202 1045 60 146710171339
116 1269 1109 59 139811771429
117 1185 1121 63 139711581329
118 1145 1243 54 137511881308
119 1217 1343 54 135611471212
120 1241 1292 74 130912321117
121 1225 1414 76 127713241124
122 1295 1537 82 120213651066
123 1196 1525 91 122315041250
124 1076 1430 104 123316841293
125 1024 1549 81 121917161261
126 928 1570 114 129516311311
127 936 1747 149 134216311241
128 814 1895 158 134015501100
129 718 1803 231 118516681053
130 663 1754 322 10731609872
131 705 1758 455 11421642947
132 628 1944 608 11631720925
133 737 1828 607 12031876774
134 685 1766 548 11531849694
135 631 1896 612 13241741738
136 629 2140 670 14261666808
137 530 2311 680 13331538903
138 669 2334 768 13411316872
139 738 2052 857 102413211075
140 767 1700 887 100813121148
141 566 1527 841 88713441220
142 442 1380 828 71316031273
143 392 1410 966 63517731229
144 371 1309 991 66317301194
145 374 1275 982 75415481062
146 360 1431 956 88315691059
147 336 1501 1040 73416251151
148 318 1495 1096 54914651050
149 283 1282 1077 4841282914
150 247 1220 1214 4811171962
151 215 1036 1290 5421114982
152 247 999 1180 6291169999
153 288 1038 1200 65712051008
154 268 1015 1202 66010451020
155 233 1024 1149 50210701086
156 150 1012 1127 50610021059
157 114 1047 1166 4828661050
158 98 1022 1254 3648481014
159 84 970 1393 3179021052
160 70 947 1390 2878591145
161 60 1007 1393 3089331042
162 61 915 1357 3259661210
163 25 919 1419 3319271136
164 25 728 1671 3179291052
165 22 716 1616 3438921031
166 18 738 1602 3377441223
167 12 690 1540 3196511215
168 11 609 1589 2845191043
169 9 571 1695 263454942
170 9 615 2080 184356858
171 5 555 2070 187351797
172 8 576 1843 196356859
173 5 628 2078 158339836
174 0 674 2257 158322883
175 1 811 1905 133358697
176 3 800 1512 151365516
177 4 705 1290 127348484
178 3 494 1339 105386470
179 2 395 1385 113372518
180 2 342 1109 119364596
181 1 331 1074 125280608
182 2 330 1078 139287620
183 1 348 1166 112280671
184 0 391 1265 91303637
185 3 333 1082 64280559
186 1 243 1016 65321577
187 2 184 944 45382568
188 0 141 939 38491597
189 1 120 1020 45410659
190 0 89 1081 57309701
191 1 68 972 32207636
192 1 62 978 46137615
193 2 35 1018 2383520
194 1 29 1079 867525
195 1 15 1138 755474
196 1 8 1131 432474
197 2 4 1017 727398
198 0 7 930 523358
199 0 2 912 137315
200 1 4 750 154280
201 0 2 662 165338
202 0 2 752 043353
203 1 2 748 221287
204 0 2 676 018275
205 2 2 494 010302
206 0 2 417 03326
207 0 0 393 01268
208 1 0 369 13212
209 1 0 383 00245
210 1 1 348 03268
211 0 0 278 01163
212 0 0 234 01126
213 1 0 230 1187
214 0 3 202 1073
215 0 0 142 1176
216 2 1 132 0086
217 0 0 83 0077
218 0 0 70 0090
219 0 0 26 01113
220 0 1 17 1197
221 2 1 10 1183
222 1 0 6 0057
223 0 1 5 0039
224 0 0 4 0334
225 0 1 2 0120
226 0 1 2 1010
227 1 0 1 0012
228 1 0 1 116
229 0 0 2 019
230 1 1 0 014
231 1 0 0 015
232 0 0 0 003
233 0 1 0 100
234 0 0 0 105
235 0 0 0 001
236 0 0 0 000
237 1 0 0 001
238 1 0 0 101
239 0 0 0 000
240 0 1 0 000
241 0 0 0 001
242 0 0 0 000
243 0 1 0 000
244 0 0 0 000
245 0 0 0 000
246 0 0 0 011
247 0 0 0 011
248 1 0 0 000
249 0 0 0 000
250 1 0 0 000
251 0 0 0 001
252 0 0 0 001
253 0 0 0 000
254 0 0 0 000
255 0 0 0 003
