1 7.30879
2 7.03174
3 7.83742
4 7.30161
5 6.84093
6 6.32603
7 6.48177
8 7.52824
9 6.66959
10 7.52335
11 7.19072
12 7.62686
13 7.73583
14 7.22874
15 7.50686
16 7.41127
17 7.83615
18 7.45381
19 7.4353
20 7.37465
21 7.27792
22 7.12459
23 6.70308
24 7.40884
25 6.97908
26 6.33458
27 6.9736
28 7.22162
29 6.10658
30 7.4398
31 7.6122
32 7.02347
33 7.35953
34 7.72006
35 7.66566
36 7.45653
37 7.21245
38 7.78536
39 7.62039
40 7.15378
41 7.50338
42 7.14444
43 7.1969
44 7.68335
45 6.47847
46 7.89447
47 7.68312
48 7.23116
49 7.71534
50 7.21728
51 6.94239
52 6.98318
53 7.29221
54 7.0653
55 7.29937
56 7.69412
57 7.45425
58 7.14886
59 7.19768
60 7.33175
61 7.70009
62 7.67746
63 7.08144
64 7.38869
65 7.5227
66 7.73155
67 7.17199
68 7.35823
69 7.71415
70 7.46901
71 7.43453
72 7.63564
73 7.12179
74 7.50565
75 6.98861
76 7.15726
77 7.69982
78 7.38673
79 7.14522
80 7.47621
81 7.35695
82 7.48658
83 7.38763
84 7.44233
85 6.16184
86 7.59296
87 7.42336
88 7.60334
89 7.53822
90 7.45776
91 7.52329
92 7.37172
93 7.59421
94 7.61748
95 6.5327
96 7.61789
97 7.79856
98 7.60329
99 7.60635
100 7.67048
101 7.5503
102 7.12833
103 6.33478
104 7.67291
105 7.58336
106 7.66495
107 7.43262
108 7.52052
109 7.34108
110 7.71993
111 6.73273
112 7.53864
113 7.42391
114 7.75952
115 7.33448
116 7.44325
117 7.58858
118 7.51043
119 7.71957
120 7.63893
121 7.25481
122 7.50003
123 7.38034
124 7.39167
125 7.51408
126 7.42294
127 7.10214
128 6.25148
129 7.10595
130 7.65598
131 7.0466
132 7.19656
133 7.34607
134 7.12727
135 7.5771
136 7.11184
137 7.19427
138 7.47194
139 7.61052
140 7.38584
141 6.84537
142 7.54527
143 7.27733
144 7.4992
145 7.20279
146 7.75204
147 6.25529
148 6.69856
149 7.22456
150 6.9544
151 7.58622
152 7.68956
153 7.65567
154 7.30338
155 7.53584
156 7.09726
157 7.70793
158 7.35445
159 7.2469
160 7.44824
161 7.52968
162 7.58414
163 7.36193
164 7.54354
165 7.47886
166 6.46699
167 6.36582
168 6.68049
169 6.56562
170 7.21575
171 7.76209
172 7.58309
173 7.34858
174 7.50018
175 7.02825
176 7.58103
177 6.83229
178 6.32302
179 7.23778
180 7.84625
181 7.46603
182 6.99515
183 7.61027
184 7.57305
185 6.98339
186 6.87762
187 7.6268
188 7.43365
189 7.19949
190 7.60327
191 7.80921
192 5.59976
193 7.28576
194 7.59713
195 7.6388
196 7.25415
197 6.91303
198 7.52574
199 7.46287
200 7.77429
